0 0.74375 0.5640625 0.06328125 0.05
0 0.64921875 0.5734375 0.0734375 0.053125
0 0.73828125 0.49453125 0.03125 0.028125
0 0.8109375 0.48203125 0.02578125 0.025
0 0.7734375 0.465625 0.01171875 0.025
0 0.74453125 0.46328125 0.0109375 0.0234375
0 0.68984375 0.440625 0.0171875 0.028125
0 0.52109375 0.4578125 0.021875 0.0265625
0 0.5375 0.478125 0.021875 0.025
0 0.5515625 0.553125 0.04765625 0.04453125
0 0.3015625 0.48203125 0.02890625 0.025
0 0.209375 0.503125 0.0359375 0.0390625
0 0.2546875 0.43515625 0.02265625 0.02890625