0 0.6421875 0.56796875 0.0515625 0.0390625
0 0.8140625 0.5625 0.06875 0.0609375
0 0.80078125 0.48515625 0.0171875 0.02109375
0 0.84765625 0.47421875 0.0328125 0.0265625
0 0.8078125 0.46015625 0.01171875 0.0265625
0 0.7734375 0.45625 0.01640625 0.0234375
0 0.721875 0.4375 0.01640625 0.01953125
0 0.5703125 0.55234375 0.04609375 0.040625
0 0.68125 0.471875 0.02734375 0.021875
0 0.55625 0.471875 0.02578125 0.0234375
0 0.53828125 0.45078125 0.028125 0.034375
0 0.3203125 0.478125 0.03984375 0.0390625
0 0.2265625 0.4984375 0.040625 0.0359375
0 0.2625 0.4359375 0.01640625 0.021875