0 0.9515625 0.53359375 0.06953125 0.05
0 0.8828125 0.52421875 0.06171875 0.04296875
0 0.89453125 0.49765625 0.0203125 0.03203125
0 0.91015625 0.50546875 0.0140625 0.025
0 0.61015625 0.49765625 0.0390625 0.034375
0 0.6203125 0.45078125 0.01796875 0.02109375
0 0.484375 0.55234375 0.0296875 0.040625
0 0.5328125 0.45859375 0.01953125 0.021875
0 0.6515625 0.43671875 0.01171875 0.02109375
0 0.68203125 0.44375 0.01875 0.02109375
0 0.70859375 0.43671875 0.0171875 0.015625
0 0.7359375 0.42734375 0.01484375 0.0125
0 0.4125 0.45703125 0.02421875 0.025
0 0.353125 0.47734375 0.03203125 0.0234375
0 0.3140625 0.48046875 0.01328125 0.025
0 0.09921875 0.50703125 0.0578125 0.0390625