0 0.64296875 0.55 0.0671875 0.053125
0 0.6140625 0.5203125 0.06328125 0.03203125
0 0.559375 0.51875 0.0234375 0.03203125
0 0.5375 0.52890625 0.04609375 0.04453125
0 0.709375 0.49140625 0.01953125 0.028125
0 0.4328125 0.54296875 0.05234375 0.0390625
0 0.3703125 0.490625 0.01953125 0.03203125
0 0.3546875 0.49140625 0.01171875 0.01953125
0 0.28671875 0.48671875 0.0375 0.03203125
0 0.05625 0.496875 0.03359375 0.01640625
0 0.375 0.44453125 0.02109375 0.01953125
0 0.39375 0.44765625 0.01796875 0.015625
0 0.446875 0.43984375 0.01328125 0.0234375
0 0.471875 0.428125 0.01171875 0.01953125